260
1209
260
1210
260
1212
864
611
1442
1935
1272
1274
1276
1273
1275
450
1891
1208
3028
1937
1130
586
3029
2833
274
276
275
278
771
277
279
157
158
159
161
160
23
22
2405
2403
2404
2391
2392
2402
2394
2396
2390
2384
2383
2386
2401
2400
2397
2382
2387
2388
2395
2399
2398
2389
2393
93
94
98
97
92
99
95
96
1872
1675
260
1206
1873
2802
1501
2811
1206
2765
2813
748
2441
2444
2445
2672
2675
2482
1206
2483
1207
2765
1658
1209
1655
1209
1208
3028
1130
3029
1938
101
103
105
107
102
106
104
2929
2930
1397
1872
1675
2482
1206
486
2483
1207
1872
1675
2482
1206
486
2483
1207
1674
1703
1713
3080
1697
1700
1706
3081
1705
110
109
111
108
3183
1426
1265
2500
2774
2775
648
2500
2774
654
980
147
2801
15
2803
353
2805
2804
2809
2806
2692
2074
2698
2067
2069
2071
2070
2068
2704
2072
955
949
951
954
405
1932
421
418
72
420
77
76
75
74
3390
3389
1913
421
418
72
420
77
76
75
74
73
3141
1693
864
2799
2482
293
2483
2272
1165
887
2271
2273
888
3032
2269
1162
1163
2270
1166
1164
2277
2276
2278
2279
2274
2275
2280
1161
1167
1168
1169
2272
2271
2273
2269
2270
2277
2276
2278
2279
2274
2275
2280
887
888
1166
444
391
1764
1167
1168
1169
2172
2168
3298
2171
2170
2169
2832
2829
2828
2831
2830
369
2802
1285
3406
281
2178
2528
367
2179
2180
2686
2535
371
1097
1103
413
1105
36
2197
2199
2198
2201
1623
1625
1624
2284
2608
2603
2282
2607
2606
2283
2281
2605
2604
3047
400
399
397
402
398
396
401
1940
2876
2063
2877
358
607
2196
1596
2017
1566
265
311
2364
1939
122
2366
118
130
1601
93
94
98
97
92
91
99
95
96
18
2801
15
2803
149
2133
2805
2804
2809
2806
1162
1163
1165
1164
1068
2985
705
2811
2123
3385
1927
1923
1925
2813
2811
1924
1928
1926
2813
559
554
553
555
560
556
557
558
2452
2810
2924
2812
2452
2810
2925
2812
1921
1781
2453
2083
3153
3152
1978
1950
1956
1943
1974
1964
1962
1969
1948
1975
1977
1972
1976
1958
1973
1965
1949
1963
1967
1961
1953
1970
1944
1959
1880
1881
1882
1884
1885
1886
1966
1980
1971
1979
1954
1981
1952
1951
1955
1945
1960
1947
1946
1968
2302
2303
2374
2384
2375
2368
2369
2370
2371
2372
2378
2380
2379
2383
2386
2377
2376
2397
2373
2382
2387
2388
2381
2393
663
6
306
1931
3341
147
19
18
2800
2801
15
16
2803
148
2805
2804
2809
2806
315
314
419
1632
2374
2375
2368
2369
2370
2371
2372
2378
2380
2379
2377
2376
2373
2381
2374
2375
2368
2369
2370
2371
2372
2378
2380
2379
2377
2376
2373
2403
2381
2404
2391
2392
2402
2394
2374
2396
2390
2384
2375
2368
2369
2370
2371
2372
2378
2380
2379
2383
2386
2401
2377
2376
2400
2397
2373
2382
2387
2388
2403
2395
2399
2398
2381
2389
2404
2393
2374
2375
2368
2369
2370
2371
2372
2378
2380
2379
2377
2376
2373
2405
2381
295
239
3308
2500
649
3038
3039
3038
3039
653
169
2540
3038
3039
653
2540
167
3038
3039
653
170
2540
3038
3039
653
171
2540
3038
3039
168
653
2540
3385
1581
2500
3038
3039
653
3373
2500
648
341
2045
1301
449
2500
649
341
2500
650
341
2500
651
341
2500
652
341
2774
2775
648
2774
648
312
1703
1713
1722
385
445
1710
1697
1720
1703
1722
385
445
1710
1698
1712
1708
1723
1703
1713
1722
1715
385
445
1710
1711
1697
1716
1702
1714
1700
1724
1719
1704
1698
1707
439
1717
1709
1721
1706
1725
1718
1699
1701
1712
1705
1720
1723
1703
1713
1722
1715
1697
1714
1700
1724
1704
1721
1706
1701
10
1712
2802
2262
502
241
2802
242
147
18
295
2800
2801
2803
2805
2804
2807
2809
295
2484
3434
295
304
437
383
2464
955
949
2548
2547
2549
1756
272
951
3135
2531
953
954
957
1756
272
3135
2531
100
383
2066
2464
873
955
949
2548
2547
2549
272
951
3135
953
954
957
2455
2456
3386
2457
2456
3387
1765
2385
2455
2456
2455
2456
3387
3386
2457
1781
2453
215
216
2451
2515
2513
2516
2514
2450
1299
2451
2515
2513
2516
2514
2459
2515
2513
2512
2516
2514
2515
2513
2516
1055
1247
1289
1248
2153
2452
2802
1872
1675
2482
485
1871
1206
2810
2483
2925
2924
1207
241
1674
2812
1723
1703
1713
1722
1715
1710
1697
1714
1704
1706
1712
2140
1756
2246
2140
1862
1866
1723
1703
1713
1722
385
445
1710
1697
1714
1700
1704
1706
1701
1712
1723
1703
1713
1722
1715
385
445
1710
1697
1714
1700
1704
1706
1701
1712
2140
2256
2257
2258
2259
121
2931
1227
520
1396
520
1723
1703
1713
1722
1710
1716
1698
1709
1706
3081
1705
1720
1723
1703
1713
1722
385
445
1710
1697
1716
1700
1698
1709
1706
1701
3081
1705
1720
18
3042
1368
2010
1367
1369
1689
1366
26
24
1365
2656
2655
3437
3398
18
1184
3333
2895
794
25
2656
2655
2599
2600
2598
2617
2640
2620
2582
2593
2562
2634
2631
2611
2558
2554
2557
2597
2597
2567
2589
2619
2576
2559
2627
2581
2573
2591
2566
2574
2639
2635
2609
2575
2580
2560
2621
2632
2571
2561
2572
2586
2585
2637
2638
2615
2616
2613
2623
2618
2630
2612
2610
2594
2633
2569
2636
2568
2614
2624
2625
2626
2629
963
2577
2588
2578
2555
2579
2556
2595
2590
2628
3235
2587
2622
2570
2584
2565
2564
2592
2563
2583
2599
2600
2598
2582
2593
2562
2558
2554
2557
2597
2597
2567
2589
2576
2559
2581
2573
2591
2566
2574
2575
2580
2560
2571
2561
2572
2586
2585
2594
2569
2568
2577
2588
2578
2555
2579
2556
2595
2590
3235
2587
2570
2584
2565
2564
2592
2563
2583
384
437
2140
383
386
447
2140
386
440
447
441
2140
386
447
2140
386
388
447
442
2140
447
1833
1834
669
1843
1846
1831
1854
1856
1855
1832
1835
1842
1853
1857
1859
1848
1851
1845
1847
1850
1838
1852
1849
1837
1858
1841
1836
1840
1844
1839
1833
1834
1806
1803
1794
669
1787
1843
1846
1831
1854
1856
1855
1832
1835
1842
1853
1857
1859
1543
1802
1823
1799
1825
1795
1828
1789
1797
1829
1785
1826
1815
1824
1817
1804
1848
1851
1800
1811
1845
1827
1822
1807
1819
1805
1796
1788
1830
1813
1784
1847
1810
1793
1820
1818
1821
1850
1814
1792
1838
1798
1791
1812
1808
1790
1809
1801
1852
1849
1837
1858
1841
1786
1836
1840
1844
1839
1816
3390
3389
2340
1806
1803
1794
1787
1543
1802
1823
1799
1825
1795
1828
1789
1797
1829
1785
1826
1815
1824
1817
1804
1800
1811
1827
1822
1807
1819
1805
1796
1788
1830
1813
1784
1810
1793
1820
1818
1821
1814
1792
1798
1791
1812
1808
1790
1809
1801
1786
1816
3390
3389
2743
2030
2743
1671
2030
1581
52
3388
2617
2640
2620
2631
2611
2619
2639
2635
2609
2621
2632
2637
2638
2615
2616
2613
2623
2618
2630
2612
2610
2633
2636
2614
2624
2625
2626
2629
963
2628
2622
1581
3388
1581
3388
1581
3388
2248
1332
695
3040
3232
2300
712
2354
2677
2352
2295
2237
3428
1293
2062
713
134
424
2355
2736
2837
254
743
2820
2357
1628
2791
407
2977
2847
2843
2844
2848
2845
2107
2846
699
3231
840
317
1888
2492
1930
1731
2857
1637
2852
2853
2854
1617
1620
2849
2850
2851
3145
3228
2908
3230
2907
2906
2905
2909
718
1929
2735
1337
2913
2910
2911
2297
2737
2356
2859
3077
694
518
2494
717
3374
809
2544
2738
2739
2734
2733
2732
2912
605
2821
1019
3280
1495
3079
2358
698
66
3078
2902
3075
331
2839
2353
640
716
687
2323
708
2841
3074
2490
3076
2489
2879
426
2350
321
316
690
2904
614
2298
1769
657
3378
2491
438
656
3059
2428
696
1621
13
1400
2351
2293
2903
3345
1616
2741
2296
1618
2131
2496
476
2811
1581
2813
1581
3388
2016
2340
674
2255
3385
1580
2248
3385
1580
886
1862
889
1756
1862
1866
2247
1756
1862
1866
2246
1862
1866
1863
1862
2140
1756
1862
1866
2247
1756
2247
1756
2246
2533
3236
1683
1684
1685
1687
1682
1686
2093
2092
2089
2090
2091
2094
2774
648
978
2500
651
678
2959
2960
2959
2958
1304
1178
1180
1179
1180
1021
1022
363
668
1756
2247
909
2140
1756
909
1864
1865
1130
1728
1729
1766
1766
2207
2210
712
2736
2846
2852
2853
2854
2849
2850
2851
3395
2737
2738
2739
3439
2840
2842
2358
2146
3412
2543
2838
2740
3424
2741
1285
2033
2947
1921
2515
2513
2512
295
1756
1862
1781
1866
272
191
2453
2966
2996
3011
295
1862
1866
2998
3015
1441
3190
1703
1713
899
1697
1441
1700
1706
1701
1712
1705
3190
230
2798
1086
2384
888
1893
1510
3065
3008
219
2966
2996
3011
3012
2998
2738
3010
3014
3000
3015
3006
1441
3190
3013
608
1777
2127
608
1777
1776
2364
1939
122
2366
2365
123
1939
2366
2365
1939
122
2366
3008
3032
2997
3012
2998
3010
3001
2999
3014
3000
3015
3006
3008
219
2966
2996
3011
3012
2998
2738
3010
3001
3014
3000
3015
3006
1441
3190
3013
2994
2966
2996
3011
2998
3000
3015
1442
3190
3013
2106
2104
2106
2105
219
2966
2996
3011
2970
2998
2738
3000
3015
1441
2993
3190
3013
2966
3015
1441
3008
3032
2997
3012
2998
3010
3001
2999
3014
3000
3015
3008
3032
2997
3012
2998
3010
3001
2999
3014
3000
3015
3009
3369
1900
1899
3340
1901
14
1159
1160
3008
3032
2997
3012
1159
1160
2998
3010
3001
2999
3014
3000
3015
3007
3006
3008
3032
2997
3012
1159
1160
1161
2998
3010
3001
2999
3014
3000
3015
3007
3006
3008
3032
2997
3012
2998
3010
3001
2999
3014
3000
3015
3002
3008
219
2966
2996
3011
3012
2998
2738
3010
3014
3000
3015
3006
1441
3016
3190
3013
3008
3032
2997
3012
2998
3010
3001
2999
3014
3000
3015
3016
2334
60
2315
2335
58
1897
2334
2332
1469
2302
62
433
639
2215
433
639
2215
1015
18
1443
2656
2655
3190
3184
3185
3398
18
1768
1443
865
301
868
1695
734
1783
1362
1767
2656
2655
3190
3398
18
1768
3333
1443
865
301
868
1695
734
1783
1362
1767
2656
2655
3190
886
3381
889
1771
1358
1357
1703
1713
1722
3080
385
1710
1697
1716
1700
1698
1721
1706
1701
3081
1705
1720
3183
3184
3186
1329
1335
1334
1703
1713
1722
385
445
1710
1697
1716
1700
1721
1706
1701
3081
1705
1723
1703
1713
1722
1715
3304
2658
1697
1700
1721
1706
1701
1712
1705
2036
362
2037
749
1238
1237
1239
1240
751
1313
1311
1312
3183
2521
1425
18
2801
2803
149
2133
2805
2804
2809
2806
1097
3183
362
1426
3188
3187
701
799
676
798
675
1613
1617
1620
1621
1616
1619
1618
1622
1617
1620
1621
1616
1619
1618
204
208
1874
1875
203
198
206
202
197
200
199
209
207
201
205
214
147
2801
864
2803
2805
611
2804
147
864
611
2005
1654
3119
3141
1000
1230
1675
260
1206
486
1873
1675
2482
1871
486
2483
1206
1207
1873
2675
2482
1206
2483
151
1207
2765
2671
2675
2482
1206
2483
151
1207
2765
2671
2961
760
1457
2675
2482
1206
2483
151
1207
2765
3090
3091
3088
3087
1436
1869
1447
1868
512
2514
511
768
1479
2482
485
1871
1206
486
1207
355
117
1588
1479
3429
1206
1207
2184
1246
2503
3308
649
3038
3039
3085
3094
1479
2503
1479
3429
1285
1286
631
1206
2643
2184
2185
1245
1246
2504
3425
2503
1921
1781
2453
3190
272
3033
224
2990
521
1479
1872
1171
2482
485
1871
1206
3426
1153
486
2483
1207
2184
2765
1246
3425
2503
1479
3429
1171
1206
3426
1153
1207
2184
1246
3425
2503
1479
1171
1206
3426
1207
49
1122
1479
1206
1207
2184
1246
2503
2471
1773
1076
1752
3107
2471
369
3415
1479
3429
3414
632
631
1206
3435
2643
1207
1564
817
816
2504
2503
453
1479
3414
632
631
1206
1207
817
816
2503
1488
2305
1479
1872
1675
2482
485
1206
2483
1674
2503
1479
1206
2503
1872
1675
2482
485
1206
2483
1057
1674
2503
1872
1675
2482
485
2483
1057
1207
101
103
2833
105
107
274
102
276
275
278
106
771
277
279
104
2833
274
276
275
1276
278
1273
771
277
279
1275
1280
1281
2861
3317
2860
3323
3320
1872
1675
2482
1206
486
2483
1058
1207
1674
42
60
1468
42
1468
1078
1081
1080
1079
2470
862
2788
479
932
1870
2130
2788
42
479
2672
2675
2482
1206
2483
151
2674
1207
2765
2671
2961
2766
2675
2482
1206
2483
1207
2765
307
151
307
3170
1913
3440
2401
2529
1225
2826
2949
2826
3287
2949
147
2346
18
2801
2482
2803
2808
2805
1207
2804
2807
2809
2806
2765
147
2346
18
2800
2482
2803
1206
2808
2805
1207
2804
2807
2809
2806
2765
2882
1206
2765
2882
3032
2480
1767
1782
1447
1767
21
2975
1417
1283
1285
1289
2426
2193
15
1775
1545
2102
579
2500
1129
651
678
583
679
582
585
581
584
580
579
2500
1129
891
651
678
583
582
585
581
584
580
2269
579
2500
1129
891
651
678
583
582
585
581
584
580
2500
2774
648
974
2825
3286
2954
2825
3287
2954
3286
3290
2954
2672
2675
2482
1206
2483
151
1207
2765
1360
2672
147
2675
18
2801
2482
2803
1206
2483
151
2805
1207
2804
2806
2765
1360
354
840
1637
2496
1208
3028
1937
1130
3029
2672
2675
2482
1206
2483
2673
151
1207
2765
2671
2961
2766
1207
2765
1938
454
2085
1206
2765
1938
1653
3150
1696
1206
1207
2765
1208
3028
1938
2744
2036
3284
362
668
354
840
1637
3268
2432
2496
1156
2362
1154
2362
2025
2362
2672
2544
13
1637
2496
787
2126
3077
694
3079
66
3078
3075
3074
3076
2025
2330
3077
3079
3078
3075
3074
2544
66
2902
3268
3266
2076
2496
147
1872
1675
18
1254
2801
15
2482
2803
1206
486
2805
1058
1207
756
2804
2807
2809
1674
3269
2273
2774
2775
648
2169
2928
2656
2655
3283
1401
1157
904
3265
2816
840
1637
694
2544
66
2902
3268
2496
2051
2315
1933
18
1443
868
734
1767
2656
2655
3190
919
927
920
925
924
926
922
923
921
721
918
678
679
594
2826
3287
2951
2826
3287
2951
595
2825
2948
3287
3398
18
869
1443
865
301
868
1695
734
1783
1362
1767
2656
2655
3190
18
3333
2895
865
301
868
734
2656
2655
3190
2825
2952
147
2346
18
2801
2803
2805
1207
2804
2809
2806
2765
2825
2954
147
2346
18
2800
2803
2805
1207
2804
2807
2809
2806
2765
1157
904
2346
2270
1164
893
2936
3364
635
3265
3267
3266
3265
3268
3266
2544
3265
3268
3267
3266
2076
2496
2304
2521
1780
2346
528
2849
2851
2825
2955
2122
919
920
676
3391
3265
3268
3392
3266
922
2346
2846
528
3183
2088
642
436
2118
436
2116
2118
2346
1067
2846
528
1068
2818
2819
688
528
2849
2851
2346
2846
528
2849
2850
2851
2846
528
2852
2853
2854
2849
2850
2851
2346
528
1895
1589
2725
1521
2684
350
348
69
140
1777
2127
2748
406
2338
140
2116
1770
69
1779
140
70
1777
2127
71
2140
746
817
746
817
1708
1711
1697
1714
1724
1707
1721
1706
1718
1699
1479
296
1206
1207
2184
1246
2503
2827
2951
2955
3289
3288
3291
2950
3289
3288
2955
3288
3337
2950
2955
3289
3337
3338
41
2334
60
2335
1675
2482
1871
2483
1206
1207
1872
1675
2482
1206
486
2483
1207
2765
2482
1871
2483
1206
1207
1723
385
445
1712
385
445
1712
385
445
1703
1722
385
445
1712
1703
1722
1712
2511
2753
1043
2753
1500
2338
2116
2118
1499
1723
1703
1722
1715
445
1697
1714
1700
1704
1706
1701
1712
1705
1723
1703
1713
1722
1704
1707
1721
1706
1712
1705
995
85
2825
2951
2799
456
1777
2116
2118
2802
2644
2799
2644
1254
3133
718
2916
2358
2901
689
2802
241
2691
1593
459
470
469
465
460
464
2691
3293
2802
458
1288
1289
964
281
457
1498
459
2528
2916
368
651
3374
678
552
3409
1495
2236
470
463
2073
2754
716
461
3420
2644
2535
462
466
2904
3348
2448
460
371
464
2964
146
2691
1082
120
2691
2916
1993
2964
2916
2964
624
625
623
2916
2964
2956
3313
3315
3314
3313
3315
428
672
2338
1593
2119
2338
1592
2119
1921
295
1781
2453
803
2482
2974
931
43
1125
2200
2203
2202
2204
1505
2140
2547
1252
2418
2145
3138
3140
2253
382
440
2515
2513
2512
2516
2514
2254
2123
2253
3132
2548
1579
382
440
2547
2256
2549
2513
2512
2260
437
2123
2253
3132
383
2548
382
2547
2256
2549
2513
2512
2260
444
391
444
391
1764
1250
2957
887
888
1166
444
391
1764
1167
1168
1170
1169
887
444
391
1764
888
1166
1167
1168
1169
2140
1490
1490
1360
15
3097
770
1933
2893
3383
2858
2469
2500
2774
648
977
899
259
2508
1935
2245
3425
2963
3425
378
1689
2860
2863
2861
2860
3318
3323
3320
257
360
266
666
1133
1309
2026
414
1563
2846
2852
2853
2854
2849
2850
2851
3395
2840
2912
2842
2146
3124
2838
2341
993
124
2861
2862
2860
2217
2216
2861
393
446
394
446
392
446
2157
2255
3385
1580
1990
2157
2255
3385
1580
1989
271
907
225
1359
2348
1587
1778
93
2444
2861
2862
1571
2860
2140
3390
3389
2861
2862
1374
2860
208
1292
2697
1290
1035
1631
46
2861
2862
810
2860
2861
2862
2151
2860
831
829
833
832
835
827
830
834
826
838
828
836
837
2253
2328
2329
2254
3062
2860
1173
1174
1176
1177
1175
3132
2957
1173
1174
1176
1177
1175
2253
3132
3133
2140
2547
2256
2512
2257
2328
2329
2261
2260
2254
2258
2259
2263
2262
1173
1174
1172
1176
1177
1175
263
3032
1173
1174
1172
303
1176
1177
1175
3383
271
225
3383
271
271
431
225
1359
271
431
1359
2101
3370
3370
2937
1229
646
2309
2513
2309
2515
215
1207
215
486
1207
594
2826
3287
2951
596
2826
3287
2951
597
596
594
2826
3287
2953
2951
597
596
594
2953
596
2062
713
2136
888
2743
3231
2412
1781
3230
3097
347
605
606
1169
530
602
1067
2846
1068
2852
2853
2854
2849
2850
2851
2818
2819
1069
1070
1071
1072
688
2942
604
600
1004
601
602
628
627
629
628
627
600
629
2979
601
602
2844
699
2743
2030
1193
1920
1238
1237
2482
481
482
1387
177
176
1193
1920
1231
1238
1186
1185
2482
1387
177
176
955
949
951
958
950
953
954
957
603
1379
1381
1384
1375
1377
1380
1378
1385
1383
1376
1382
2668
296
2755
603
1381
1384
1380
1569
1378
1385
1383
1376
1382
2269
2270
603
1379
1381
1384
1375
1377
1380
1378
1385
1383
1376
1382
864
1360
1206
1360
2140
864
1360
2500
651
652
678
679
2538
3242
2536
18
15
865
2656
2655
3190
429
643
2109
1570
3363
2773
3206
3363
2825
2954
3288
3291
18
1896
2656
2655
3190
1930
1929
18
2656
2655
1930
1929
2175
18
3190
3383
1930
2469
1929
2175
803
931
2767
1289
2774
2528
261
2659
1480
2535
2137
459
1419
467
470
468
463
125
469
465
462
466
460
464
2677
1262
2237
134
2980
424
2736
2837
2357
2791
2977
1254
2847
1251
2845
2107
2846
699
1252
1258
2497
840
1888
1253
1261
1257
1637
1259
2852
2853
2854
1617
2849
2850
2851
1263
3230
2905
2735
2737
2356
2859
1032
717
809
2738
2734
2733
3411
2358
658
66
2902
331
716
2323
708
2841
426
1126
3366
690
614
2298
2249
715
657
3378
2491
656
3059
696
2465
1400
2351
2293
2903
1616
2296
2496
2237
254
1289
1065
426
2351
2742
2299
2237
2736
254
2844
2845
1289
3133
3043
2743
2497
2302
2849
2850
2851
2340
2907
2905
1353
2737
775
2739
318
2902
1065
426
656
2351
2679
2205
2206
810
884
494
493
499
501
497
498
492
500
495
496
3324
2836
3316
1921
3390
3389
1581
1781
3388
2453
1929
1982
2968
1293
1932
2269
446
3325
3197
3319
2123
3390
3389
1781
3053
2453
3054
792
1085
1672
2528
3058
1733
3393
1542
817
2535
2138
816
2358
2902
3052
3053
12
3096
2285
3054
3053
12
3096
2285
2601
2602
683
2945
667
1638
2601
2602
683
667
3224
2946
1638
3052
12
3096
2285
3121
3052
3096
3052
3053
2453
12
3096
2285
3054
3053
3054
3121
3052
3053
3096
2285
3054
155
53
2500
3031
652
678
2500
651
678
707
2517
2500
2774
648
979
3372
3053
272
3053
3121
3052
3123
3390
3389
3053
1159
1160
3053
1262
2915
2045
1288
2107
1182
337
336
334
1238
2916
1241
837
2964
2884
281
650
2884
1183
650
2045
2123
1288
1182
337
714
1241
2045
1288
1182
3396
337
1235
1238
1241
2414
1236
147
18
3304
2800
2801
3134
2803
481
2805
2804
2809
2806
242
2964
2346
964
324
3211
2344
3214
2510
2765
2503
1207
2503
147
18
2800
2801
2803
2805
2804
2809
2806
18
2801
1757
2803
148
2805
2804
2807
2809
2806
2884
650
671
2317
2318
116
662
2480
789
147
18
2801
1757
2803
2805
2804
2807
2809
2806
1727
2270
3359
1483
762
178
1524
3028
2774
2761
332
1727
2726
1203
3359
1523
1483
178
2672
2802
1479
2675
1872
1675
3032
2997
3012
2800
3359
2469
1523
2482
2803
485
1206
809
1483
3000
2483
3015
2805
1207
2979
2804
2765
601
2500
2774
980
1092
2482
481
482
2500
2774
648
970
2843
2845
3145
2902
2903
163
1645
1652
163
1645
1656
1647
2749
2466
335
2980
618
2107
1255
2112
695
1256
712
699
1258
1034
1261
1263
908
1353
1354
3021
709
685
3002
687
2901
1264
767
2465
1029
1442
2719
2720
2721
2718
2722
1446
1427
1695
1363
2480
3042
3017
1596
1566
3178
175
173
174
644
1087
1054
1998
1338
855
857
856
3416
48
3416
47
1526
3213
3212
1936
1483
1525
178
1208
1937
2801
2803
3173
2738
2733
2895
2805
2804
1587
355
728
281
2528
2179
2535
2973
2487
864
1206
791
2486
2794
2795
3058
791
790
1208
1937
2675
1206
1207
2765
1938
1352
2931
2337
2931
864
2792
2931
2461
1114
2449
3390
3389
2340
1214
1114
1105
1104
330
1114
1105
1114
1105
1210
1209
1114
1105
955
949
951
953
954
955
949
951
937
958
950
953
954
957
955
949
951
958
950
953
954
441
386
447
389
440
448
2045
2123
1932
1287
1898
15
3134
3098
2030
2453
2344
2735
2734
2733
2736
2737
2738
2739
2186
697
2740
2741
2852
2853
2854
1067
2844
2846
1068
2852
2853
2854
2849
2850
2851
2855
1069
1070
1071
688
1067
1572
1573
1068
2849
2850
2851
2818
2819
1067
2847
2846
3032
2269
1068
2855
1161
718
688
1068
2317
2318
688
1067
2844
2846
1068
2818
2819
1069
1070
1071
688
2942
1067
1068
2818
2819
1069
1070
1071
688
2062
2269
3237
605
1401
2062
2269
908
3237
605
1401
2062
2269
605
1401
2797
3066
3067
2823
3066
3067
2118
2797
3066
2822
1454
549
1453
2651
2015
1590
2652
1409
2430
1082
226
724
1651
433
2794
1988
73
3423
2245
2794
2793
226
3066
2794
2794
864
2195
120
1389
120
527
1389
313
315
2826
3287
3288
2949
1918
1887
2525
1759
1640
256
256
1640
256
939
360
1640
1339
514
256
360
1640
3150
514
899
1935
1417
412
1414
135
63
131
1914
3234
422
2500
648
488
651
2500
651
678
451
579
1129
583
582
585
581
584
580
1208
3028
1481
1937
1497
1130
3408
586
3029
3177
2500
2774
648
1987
312
2500
2774
2794
648
312
2500
2774
648
972
2500
2774
648
3410
2450
1299
1579
2459
2450
1299
984
2459
2450
1299
2255
2459
2515
2513
2516
2514
511
2515
2513
2516
2514
299
2515
2513
2512
2516
2514
2090
427
1688
1096
2089
295
427
628
295
627
629
239
2269
295
239
295
1597
1566
2484
295
1597
2484
1921
1781
191
1692
2453
952
1921
1781
1692
2453
3052
886
2458
889
272
3135
3141
1862
1866
272
2454
1862
1866
2339
3386
2457
272
2140
481
2731
1673
1231
1237
481
482
177
176
489
1920
2922
1237
482
177
176
2869
183
2731
182
1673
636
15
16
477
15
343
2472
119
509
506
3336
1547
1548
1550
1420
1411
1547
1550
1420
1411
1549
1420
1411
403
1038
1420
1411
1547
1420
1411
1420
1411
3063
1415
1423
1760
1415
1421
2222
1415
1421
1303
1415
1421
33
1415
2885
1421
665
1415
1421
1415
1421
1018
1038
1422
1415
2885
1422
1415
3064
1422
1415
1422
1418
982
1415
410
1418
1415
410
1418
1415
2885
1418
1415
29
1418
1415
934
1418
1415
2430
2422
31
1418
1415
1418
1415
564
2235
1418
1415
810
1418
1415
1418
1407
415
1418
1415
1546
1018
3070
1018
1418
1407
3070
1418
1407
2894
410
1418
1407
3103
1418
1407
516
1418
1407
1418
1407
934
1018
1416
1410
3070
1416
1410
29
1416
1410
1416
2784
2786
1416
403
1412
1416
1408
311
1416
412
1408
1416
1408
403
1416
3072
1408
1416
1408
1416
1411
403
1416
1411
1416
2472
2215
1416
1409
859
1416
1409
1416
1409
413
1416
1409
411
1416
1409
3299
1416
1409
1432
1416
1409
410
1416
3072
1409
1416
1409
3073
1416
1406
410
480
1416
1406
1416
565
1406
1416
1406
1416
565
1403
1416
2425
1403
1416
1415
665
1416
1411
1416
33
1413
1416
3299
1413
1416
3111
1413
1416
1413
1416
29
1413
3307
1416
1413
28
1416
1413
810
366
3238
2748
362
899
2894
2209
253
2894
2337
432
365
2209
612
253
1134
2867
2748
3344
884
2752
1726
1560
3297
2225
365
2209
1134
1565
365
1134
1565
365
2752
1134
1565
1630
2226
1134
1565
2226
2336
2227
1730
1224
810
365
1134
1560
2225
2867
1565
1563
340
1038
1630
996
365
1038
3399
1630
2477
1563
1038
1630
1860
2441
802
3326
3314
3313
3315
404
3297
2209
1374
2209
1398
1488
2477
1488
271
225
1359
271
224
271
2477
271
431
225
2909
2910
2911
2290
1028
1000
2767
2767
1029
2767
1997
1996
1995
1994
393
1932
2269
446
601
2290
1703
393
299
1713
446
1697
1700
1706
393
299
446
1697
393
1222
446
2968
393
446
393
446
2775
393
1148
446
2269
444
2499
864
2969
611
393
2269
2038
445
444
446
2499
864
1697
2969
1641
1371
2964
1909
611
1442
864
2792
1896
3407
747
1896
1672
1441
3190
899
444
391
1764
1871
1207
899
3141
1693
1029
3141
3141
2869
3141
2272
1165
2271
2273
2269
2270
1164
2277
2276
2278
2279
2274
2275
2280
1161
2550
635
2272
2271
2273
2269
2270
2277
295
2276
2278
2279
2274
2275
2280
524
1760
1024
1433
2794
2795
1024
1433
2002
1024
1433
892
1024
1433
906
899
1433
1140
899
1433
2795
3177
634
2794
2795
2869
2794
2795
1029
1026
2794
2795
1433
2794
2795
3095
1762
1601
1
89
1601
130
488
648
2500
2774
1129
2775
648
649
650
585
700
3171
419
1632
1247
624
625
623
624
625
623
2729
2083
2766
2675
1282
2869
1288
1289
1287
1203
3359
2482
1206
2483
1207
2765
2961
178
1921
191
2007
2774
648
312
2007
2774
648
977
1421
2430
2421
1339
514
3182
1934
611
1341
1935
3182
1934
1933
611
3359
1483
3365
661
178
2730
2729
3359
1483
3365
661
178
1590
2652
3113
2548
2547
2549
272
3135
2531
955
949
2547
272
951
3135
950
2531
953
954
957
1640
3150
3147
1640
256
3247
2988
1640
3150
2731
182
256
351
1640
1037
256
351
1640
1434
1025
2794
2795
3232
712
2736
743
2820
2847
2845
1292
2846
3231
2852
2853
2854
2849
2850
2851
3230
2905
2735
3154
2737
2738
2739
2734
2733
698
2186
490
2490
2740
1246
2428
2741
3246
3248
2846
2852
2853
2854
2851
1615
1614
1653
2987
2988
182
1673
1029
2794
2795
2794
1028
2795
2794
1030
2795
2973
370
1673
2346
3390
3389
1781
3053
2453
3096
3054
1420
415
1411
2774
648
615
968
2774
648
616
968
1182
3142
1692
3142
1692
2810
295
2453
628
295
239
295
943
3259
239
295
3259
2484
239
230
295
239
892
906
905
906
1684
1687
1686
1684
1687
1682
1686
2140
2515
2513
2516
2514
511
524
1761
2868
2289
2287
2868
2129
2868
512
2515
2513
2516
2514
511
768
512
511
768
2450
1299
121
2459
2450
1299
2459
8
295
2271
2270
2550
295
2794
295
1206
1207
230
1921
295
1781
3137
2453
2484
239
1418
1415
230
295
1756
1866
3137
239
295
296
239
295
631
2484
295
3301
3141
2767
295
3241
239
295
3245
239
295
2454
2272
1165
887
2271
2273
888
3032
2269
1162
1163
2270
1166
1164
2277
295
2276
2278
2279
2274
2275
2280
1161
1710
1167
1168
1169
3339
1418
1415
2801
2794
2795
2793
148
2805
611
2804
3177
1935
2794
2793
3177
2902
2903
2794
2795
2793
2173
1289
3301
16
533
3215
2346
528
3364
217
671
226
3141
1230
671
217
671
1418
1415
3072
1446
1695
1428
1363
1446
1429
1695
1363
1418
1415
2040
1018
1416
1410
2040
151
2675
150
2482
1206
2483
308
1207
2765
2671
1361
2961
307
18
2803
2805
2804
1416
1410
562
18
1443
865
301
868
734
1362
1767
2655
3190
3398
18
869
1443
865
301
868
1695
734
1362
1767
2656
2655
3190
1446
1427
1364
1695
309
1445
1364
1444
1695
2968
2967
2968
2967
1418
1124
1407
415
410
393
299
446
393
299
446
2774
648
977
2500
2774
648
312
1418
1410
565
1977
1973
1965
1880
1952
1955
1957
1416
1415
2885
1880
1881
1882
1957
1134
1912
262
1134
2867
2752
1134
1418
1407
2421
410
2038
2499
1641
1972
1973
1955
1972
1973
1880
1955
1948
1972
1973
1880
1955
1974
1948
1975
1977
1972
1973
1880
1980
1952
1955
1974
1948
1975
1977
1972
1973
1965
1880
1980
1952
1955
1974
1977
1980
2038
2499
2499
2879
1560
983
2226
2978
1630
983
2226
2499
2859
1938
2226
1565
1560
2226
1950
1956
1964
1962
1958
1965
1963
1967
1961
1970
1959
1883
1885
1966
1960
1968
3390
3389
3406
1943
1969
1975
1949
1944
1880
1881
1882
1884
1886
1954
1952
1955
1978
1974
1948
1977
1972
1976
1973
1953
1980
1971
1979
1981
1951
1945
1947
1946
632
631
2879
1560
2225
2209
1134
2867
631
2879
2484
2499
2879
2484
2499
631
2879
2484
1877
1055
796
1957
3150
2417
3041
1973
3125
796
1943
1877
1880
796
1957
3150
1973
796
1957
1880
1957
1563
2209
2038
2499
2528
999
3406
2038
2499
3406
2038
1974
1977
1972
1976
1967
1944
1980
1971
1979
1981
1955
1560
1563
2225
1565
1560
2225
365
1560
1134
2792
611
2378
2077
2792
2225
1424
1565
3297
2225
1565
612
253
752
1424
1565
1101
1131
2065
226
2794
1887
2641
1759
1416
3306
1413
1416
3305
1413
2486
2794
3058
791
790
1416
32
1413
1887
2641
2797
2823
2797
2822
2797
3066
3067
2822
226
639
1154
2314
226
120
639
3217
120
1389
3211
120
1389
2447
120
1389
425
389
440
448
523
2500
2774
2775
648
3064
3067
3063
3067
3063
3066
3067
3064
3066
3067
3063
3066
3067
1283
3020
47
720
2409
2408
2406
2407
1416
2786
523
2500
2774
2775
648
1027
2795
2793
1027
2793
805
876
670
1302
2433
2476
1667
55
56
1439
1558
3067
282
283
284
1937
2771
1206
2765
2288
2287
2005
3406
2508
3406
2509
2482
1206
2483
1207
2765
1672
1892
1896
1672
1206
1207
2765
1892
1207
2765
2031
2645
2778
2599
2600
2598
2045
2617
1251
3132
806
2620
1233
2582
2593
2562
1932
964
2611
3231
2558
2554
2557
2597
2597
2567
2589
2900
2576
2559
2581
2573
2591
2566
2574
2639
2575
3223
2560
1261
1917
2857
2632
2571
2561
2572
2586
2637
2638
2615
2616
2613
2623
2618
2630
2612
2610
2594
14
2569
2636
2568
2614
2624
2577
2588
2578
2555
2579
2556
2595
17
3395
804
2570
2584
2565
1263
3230
2564
2592
2563
718
1353
1354
3046
2429
2029
2693
3211
305
1181
2901
795
1236
1894
1121
3214
689
2493
1629
1331
2032
1627
2583
709
767
1404
1416
1416
1405
563
1416
1405
385
2269
1164
445
2800
2803
1710
2269
2803
611
1442
3032
385
2269
1162
1166
1164
445
2800
1161
2803
1710
764
2142
2805
2804
2806
18
385
445
2803
1710
2805
2804
2809
2806
888
385
2269
1164
445
2800
2801
1161
2803
1710
1168
611
1442
385
1164
445
391
2803
1710
2805
2804
512
2515
2513
2516
2514
511
768
2264
1634
154
2471
2532
1752
1526
1482
3359
1936
1483
2322
2132
1911
2349
1525
178
3430
1932
709
1354
709
1354
3384
1262
1288
699
1932
1258
1034
1263
718
1354
709
687
441
386
441
387
441
388
386
443
387
443
388
443
3127
130
3090
130
1420
1411
2752
1134
2818
2819
3092
561
3092
3390
3389
34
2340
1214
718
1418
1415
2784
2055
1416
1415
2103
1098
1416
2885
1413
1416
1410
2885
1418
1407
1303
3339
1415
1421
1067
2846
2852
2849
2850
2851
2818
2819
2287
3098
2286
2288
3101
3099
3098
3099
3098
1237
3098
2364
123
1939
2366
2932
718
2835
2287
2286
2209
2208
2045
2123
1932
1287
3134
3098
2030
2453
2123
2894
2269
1238
1237
1219
2030
611
1442
64
2749
2467
335
2468
335
2123
2894
2269
339
1219
2030
611
1442
1134
2867
3098
2482
1206
2765
2019
1230
3098
2019
2325
2914
1103
2521
144
732
2039
639
3044
2499
1206
1938
2342
2343
2173
2472
119
2173
119
3296
119
2343
933
936
3060
935
3098
1220
226
120
639
1154
2766
1206
1207
2765
1220
1938
226
671
226
3141
671
3141
2066
1693
2748
273
2748
365
2748
3275
3358
1100
141
610
1597
1000
2151
2424
1001
1002
1134
2424
1001
1000
1000
1002
610
1000
610
1001
610
1002
2948
1002
2771
2772
2795
2771
2793
2771
2794
2771
2795
1937
2771
2793
1937
2771
2794
1937
2771
2795
1587
355
117
728
1587
355
355
728
1522
3260
1205
1352
446
877
2939
1027
2795
3069
2793
1027
2795
1206
3069
2793
2682
2680
2681
1206
2765
1223
1938
2480
2801
1206
732
732
2364
1939
122
2366
1067
1068
2818
2819
1069
688
1068
1069
688
1070
1071
2942
1067
2818
2819
1069
1915
240
559
560
557
558
559
557
553
560
554
555
556
559
557
558
554
553
555
560
556
559
553
560
557
558
3390
1182
718
2051
3243
1933
1225
2927
2527
2927
810
2527
282
503
282
503
3226
2141
3219
3218
2771
2795
2793
2771
2794
2795
2793
611
2794
611
2795
2793
611
2794
2795
611
2147
740
42
63
3045
64
3045
3045
789
3058
1046
2898
1056
1908
2435
2437
2771
2794
1206
2765
2772
2794
2823
1887
2525
1662
1759
531
532
532
531
20
2126
229
2128
155
866
1341
2500
2774
648
3390
3389
3372
2796
1270
2796
1269
639
638
637
639
226
3192
1154
3191
1282
336
334
1010
744
1005
2050
1263
832
827
834
826
832
827
834
826
828
832
827
834
835
827
834
832
835
827
834
826
2011
2012
2013
2011
2012
324
2013
41
2334
60
728
3301
2976
705
3301
705
67
3301
3310
705
3301
3310
706
3301
2985
3310
705
706
2705
2480
790
441
388
443
441
388
447
443
441
387
2727
2973
746
2487
1206
791
790
2973
2487
864
1206
791
790
382
2486
789
3057
2480
634
2728
2045
634
389
2486
790
2487
790
2898
847
848
93
1033
2108
810
366
2748
3390
3389
2340
1692
20
433
2894
1435
3300
639
2430
253
2215
2421
3103
1431
2411
3229
2123
3390
3389
2340
1936
823
3390
3389
824
825
2340
1353
1354
2800
1696
1206
2809
2765
3404
336
334
329
872
808
3084
2009
1533
514
2005
2007
2006
2509
2508
2507
2008
3119
1341
1339
2699
514
3277
2006
2508
2507
979
1648
1341
1482
3359
1936
1483
2132
1525
2111
762
178
1524
2319
83
514
2321
2774
2006
2508
2507
648
1340
2320
312
1921
1781
272
3142
2132
2453
2475
2657
611
1282
1283
3404
3400
1287
3402
3401
3405
3403
1646
423
3151
1666
1650
2154
2169
2368
2369
2373
3249
3253
3252
3147
3148
3018
2461
2309
2308
2311
2211
3027
1282
1283
3147
423
3018
228
3026
2165
2167
2166
617
2987
2988
337
514
2508
1390
3119
61
1642
1553
1552
624
625
625
623
1655
1553
1552
1654
2114
2508
2507
3119
2548
2547
2549
2009
514
2872
2005
2007
577
2006
2508
2507
3118
3119
1341
3390
3389
2548
2547
3142
695
514
2005
2007
1654
2612
2577
1171
2006
2509
2592
2508
2507
2008
3119
1088
1341
1339
514
408
2265
2005
1677
1604
1879
1532
2276
2280
2774
2006
2508
2507
1390
648
2008
2143
2268
2266
2478
977
2267
1341
1339
1282
1283
423
374
2123
3390
3389
3372
2811
2813
2810
2812
3385
1580
2248
3049
757
758
759
2092
3390
3389
2090
2091
2094
841
839
843
1753
3043
639
2963
864
1211
3043
639
864
3043
639
3043
639
611
1339
514
1282
1283
964
2589
2612
2610
2577
2595
2592
423
1648
1341
3308
3038
3039
3279
1653
1282
1283
1009
2987
423
2989
2988
1282
1283
1009
1340
423
1539
3308
3038
3039
2384
3308
1227
139
637
2096
1227
811
2096
1227
813
2230
1333
2443
433
639
2894
253
2421
3196
3194
3193
530
3195
3196
3194
530
514
1283
1009
2008
423
514
1282
1283
3227
2008
423
187
373
3026
1341
3141
3390
239
906
2801
2803
1297
1561
3380
2430
646
166
433
523
433
2775
3141
3406
1693
752
852
852
753
2447
752
852
612
752
852
1036
47
421
418
77
2269
1164
1263
3082
2658
191
883
882
1061
2899
2899
2991
1442
2992
814
864
844
2594
3020
1769
47
720
2599
2600
2582
2593
2558
2557
2566
2574
2580
2560
844
2561
2572
2586
2594
2577
2555
2579
2556
2565
2564
1769
2646
720
2583
3020
47
720
155
1227
680
3169
2462
2463
2980
1055
876
2559
3008
1734
792
2997
1287
3012
1203
3359
1523
1483
3014
3015
1367
1436
238
2163
2353
1689
2535
2183
2714
1447
487
3055
178
2655
1559
2723
845
2724
645
2723
645
295
297
296
2454
302
1503
2228
2014
2060
2015
2059
1137
3084
2663
1296
1296
1294
1296
1295
1294
1295
1296
1295
1045
1294
1294
1127
1294
2665
1294
1294
2663
2120
1285
1287
232
2014
2015
1208
82
2452
2810
2155
430
2156
2812
2054
1342
875
612
2474
874
875
703
2544
66
2902
2496
1708
1723
1703
2087
1713
1722
1715
1710
1711
1697
1716
1702
1714
1724
1719
1704
1698
1707
1709
1721
1706
1718
1699
1701
1712
1705
1720
1707
1709
1718
2005
2508
2005
2508
1933
2005
2007
2508
2009
2508
2507
2508
2507
2008
2007
2508
2507
960
939
360
2007
2508
567
1355
145
2126
145
2126
803
3406
931
369
281
2178
2528
281
2178
2179
803
931
257
336
334
1010
3147
269
1625
3114
3147
269
3146
2116
2118
2223
2224
2116
2118
3147
3146
3147
939
3146
384
437
437
383
437
2140
383
1051
1052
437
2140
383
1053
437
2140
383
1346
1347
1347
437
383
390
437
383
2415
382
440
437
382
425
2119
437
382
440
389
440
2864
1430
1352
1597
2424
2929
611
2053
2049
547
548
1352
1578
1577
1352
1578
1895
2486
2482
1585
1589
1586
1584
2482
1585
1589
1586
1584
2487
2482
790
1585
1589
1586
1584
1899
858
15
1904
2886
537
1598
2764
858
15
2026
2886
858
15
2026
1594
1595
858
15
2026
2886
1208
235
2486
858
15
1237
1232
1206
1598
1594
2480
1595
1684
1682
858
1237
1263
1232
324
2487
2026
1686
2671
236
235
3438
1622
2915
1595
3400
858
15
1259
3401
2849
1041
423
2671
255
1616
2672
1208
1595
2486
858
15
1237
2487
2803
3173
2026
1206
2886
486
2805
2804
3030
3029
762
236
1721
2503
693
1622
3080
522
1260
1595
3404
1389
858
1213
15
1259
3401
2849
1263
1232
324
2487
1354
2026
2144
124
1568
1282
447
1011
1038
729
1138
2427
898
437
898
2055
959
2238
2055
2239
959
2055
959
2240
2055
959
2241
2710
2244
21
1606
338
2480
789
455
2055
2244
2055
2709
2244
2243
2713
2242
2711
2480
3172
2055
2238
2055
2240
2055
2242
2056
2238
3386
2454
3301
2703
3258
2055
2712
2238
3117
2802
243
746
1206
748
243
2345
2036
362
1282
2036
1282
2036
63
365
2748
2747
3032
3005
3003
3004
1341
2055
3306
2056
3306
3307
2056
2055
3307
3066
3067
2794
3032
2269
15
2056
1017
2055
2238
2055
2708
2238
40
1136
478
258
360
2963
2669
3233
2669
3233
2471
2238
2239
2471
2240
2471
2471
2241
613
1741
2238
2653
364
436
639
1485
3097
478
939
360
478
960
939
360
1486
2004
2174
939
360
416
1047
1050
1048
3141
257
3141
258
116
361
662
1681
234
1339
1341
514
1341
2834
2121
2524
2212
3152
2524
3152
2120
2121
2212
54
2292
1339
514
1341
1283
423
1612
960
939
360
357
960
939
357
899
3302
362
118
1206
3198
294
1643
3401
1642
2461
3401
1642
2309
2310
839
2307
2301
2461
294
3401
1642
1538
1538
2461
294
3405
2461
1642
1538
294
1642
1538
1277
2461
2461
294
2461
536
294
536
536
2461
2894
536
939
360
1612
2316
2315
3246
3247
2120
810
877
1664
1289
3240
2947
776
780
775
777
776
780
677
775
777
988
723
2934
2941
328
3116
130
3379
3145
2913
2911
2913
2911
633
3051
2078
8
646
1902
2780
533
11
1225
21
3174
1906
850
393
394
1758
446
44
849
1757
793
851
45
50
2327
50
326
2327
1268
942
1267
65
1266
1289
231
1285
231
3314
1266
3315
1266
3326
1266
3327
1266
1267
3314
3327
1267
3327
1268
3314
65
65
3315
3327
65
1693
3282
671
2601
2602
342
683
2945
3301
3310
705
706
2707
619
620
621
1532
1534
2469
1534
471
469
2940
125
2940
471
125
469
235
3109
236
235
236
1238
1237
417
1387
176
3077
3079
3078
3075
3074
3076
244
252
251
250
245
3208
249
248
612
253
425
3120
252
251
245
248
244
3208
249
914
912
917
915
913
911
910
916
914
915
914
915
916
78
2542
3204
1327
1318
3205
534
3149
1326
1324
1320
1319
1321
1323
1325
1317
1322
1291
3204
1327
3205
1326
1324
1320
1319
1321
1322
1291
1318
534
3149
1323
1325
1317
2537
2485
2751
2309
2312
2943
2309
2307
2309
2307
2944
1903
2802
2736
703
890
1894
689
242
2250
3369
3340
755
704
2047
2046
2698
3360
2704
3353
1747
704
2698
2047
3360
2046
2704
3353
1747
2479
1277
710
185
3261
2481
185
3262
2481
185
3261
2481
184
650
3370
1516
3064
3067
785
780
784
2061
778
779
783
3362
3048
3355
781
782
1206
57
1074
711
2075
1207
57
1074
1208
57
1074
2139
249
472
3047
399
397
402
398
396
247
251
246
1751
1154
979
622
1890
1889
1356
1746
1740
129
484
128
739
483
2670
1356
1746
1740
129
484
128
483
84
2043
1992
1386
3274
1128
2159
3368
1587
728
1779
728
1779
1588
2866
639
730
650
3371
1516
650
1516
3038
3039
653
172
732
434
639
735
2981
1221
1202
63
646
1099
2768
1653
3380
2779
35
735
1202
2778
2176
3303
2177
3255
678
786
3312
651
678
681
312
1202
3380
682
1636
2748
2339
684
3375
664
2874
1903
2802
2736
703
890
1894
2878
689
242
2452
2810
686
2812
3347
2140
897
511
686
768
2164
288
691
3349
2439
1508
2984
1151
714
962
692
961
702
3390
3389
356
359
2021
2431
731
729
2750
356
2023
2431
352
356
2022
2431
352
2430
2113
146
1082
1339
514
1653
3112
3114
3147
270
2530
3118
3146
2987
2537
2485
2988
1341
746
3173
2731
3431
3112
3114
3147
2530
3146
3097
2220
1142
1143
1145
1146
1147
1143
1145
90
2899
1143
1146
1147
1143
1144
1145
1146
1144
1147
1144
1206
853
1207
750
1008
2316
2315
2145
2161
2042
2044
253
3334
3068
3321
3314
3313
3315
3327
3321
3326
3314
3313
3315
3322
3311
1114
1105
1475
1114
1105
1478
1114
1105
1476
538
542
541
538
701
842
1289
738
741
1282
1289
742
1282
2027
2938
2678
2935
2678
1876
2971
551
1876
2817
1635
3175
2058
224
1211
2150
2152
939
2530
360
274
277
279
2833
275
771
989
990
998
322
323
325
1206
1207
3436
750
2731
747
2731
748
610
181
188
188
2505
2873
189
2505
190
2505
3037
3209
2084
1750
1749
1198
1196
1199
1197
1194
1200
1201
1195
195
196
1045
1044
2687
2688
2690
2688
2690
2689
510
505
2081
1493
1023
1876
1877
1878
592
590
591
2971
588
535
587
3089
550
589
551
2766
1206
237
2765
2766
2486
2487
1206
237
2765
3090
3092
3090
1279
3092
3126
135
807
2121
135
1639
1935
3093
3086
153
3024
3090
3087
3359
1523
1483
178
3090
3088
3331
3330
3328
3329
1727
1526
2083
2367
1203
3359
1483
762
178
1204
1482
3359
1936
1483
2132
1525
2111
762
178
1727
2083
1203
3359
1523
1483
762
178
3331
3330
3332
3329
2018
1526
1482
3359
1936
1483
2132
2111
762
178
3161
3165
3159
3156
3162
3157
3166
3164
3158
3168
3160
3163
3167
3155
2729
2083
1203
3359
1483
3365
762
661
178
1204
2083
1203
3359
1483
3365
286
285
762
661
178
2730
1204
257
264
2207
2210
3285
1744
1690
1743
2815
1691
647
68
895
896
2534
3415
1479
647
1077
3343
1491
1494
376
946
579
1129
652
678
769
350
348
3343
350
348
1491
1494
376
946
3308
3038
3039
1227
651
678
769
3099
652
678
803
651
678
3359
651
678
652
678
3354
651
1483
678
651
678
3361
651
678
2841
651
678
3363
652
678
1152
2099
3125
3126
3131
3127
3125
3128
3129
3126
3130
3127
3126
3130
2867
878
6
2867
6
879
899
864
1933
2867
6
880
2867
6
881
885
1541
884
1541
194
2232
3309
1658
1532
194
2232
1355
1282
1355
423
2793
1568
2790
193
2790
193
2232
2790
194
2232
194
1531
336
334
338
3202
473
379
473
3273
3272
2190
3275
63
2191
3358
952
956
435
3272
3301
3256
3252
1089
788
3422
188
1502
3422
3263
37
1016
3264
37
1016
37
1016
1907
2159
788
473
3192
1217
1327
788
3422
2505
2506
3422
3422
3294
1132
2706
673
1660
3098
651
678
1503
3422
3100
652
678
1504
3422
1502
2436
3422
2435
3422
2436
3422
2972
3422
2650
3422
3295
3422
1611
1608
1610
1607
1609
2079
654
377
3422
2873
1459
1464
2079
3141
2500
654
655
980
377
1464
1460
3270
3271
1607
1609
1610
1607
1611
1607
504
508
3203
3351
1316
1315
3356
436
1017
1485
1014
365
2865
789
3058
440
381
789
3058
1029
611
1282
2418
8
253
6
474
395
474
1388
474
372
641
1090
2042
2215
2215
250
245
3208
249
115
112
3421
2880
113
114
2079
654
377
81
3422
189
1983
2158
2158
1984
3422
190
2649
2873
1775
333
867
2000
3375
2785
80
2519
1735
2783
1991
2935
2678
1736
2783
1737
2783
2782
1737
115
112
113
114
1738
2783
3276
3358
3352
3281
3358
3352
3276
3358
3281
3358
3343
375
380
320
573
574
569
567
572
571
575
576
570
946
568
2187
336
334
2189
2188
2996
2998
222
2995
1441
3016
3278
3190
2080
386
2077
2966
2996
3011
2970
27
2998
222
3000
3015
221
2995
2965
1441
2745
3016
220
3278
3190
3013
375
649
567
375
380
320
573
574
569
567
572
571
575
576
570
568
2795
2793
3377
1704
3377
2794
2795
3377
1465
1458
3394
3377
3377
864
1442
3036
3377
3
1467
639
3394
3036
2994
2996
3359
763
3444
1441
2745
1440
1676
3397
375
648
575
375
650
575
2044
1561
1992
3377
219
2966
2996
3011
2970
2998
222
3000
3015
2995
2965
1441
2993
2745
2671
863
3278
3190
3013
1653
2994
2996
3359
763
3237
3444
1441
2745
1440
2263
2262
1676
3397
1091
2962
101
1985
350
745
348
533
1491
1494
1007
945
141
143
754
2192
2325
2192
3404
3377
639
1090
774
2044
2553
1386
3108
1754
3108
2982
3112
3115
3382
1348
3149
3176
1090
3176
771
1985
2192
533
2192
2192
279
773
2192
247
1751
1469
773
2214
2192
2788
659
2224
3213
3211
3024
1469
1460
1469
1461
345
1283
2214
2192
1469
1462
1469
1463
346
345
1471
1470
3213
153
3024
3025
3211
3023
3213
153
3025
3024
2938
2935
730
1471
1473
1472
336
334
1013
1003
2522
1003
2522
3367
23
3367
1141
1140
2450
1299
2459
2520
659
1389
659
3402
659
3296
3137
2520
2450
1299
2460
2450
2460
1300
1464
2763
2324
649
2140
1239
1240
751
2324
3038
3039
224
1370
2149
2551
1370
840
1637
2816
3268
3266
2496
1189
51
132
1468
1605
2042
51
2698
2047
2986
3360
2046
2704
3353
1747
2986
1402
319
1535
271
2477
225
1345
1344
538
542
2642
544
539
541
545
540
543
3034
3035
3098
3035
3100
3035
1207
3035
2034
2691
3292
2113
146
2691
1082
3239
3254
1452
3302
2294
2881
2252
932
526
932
2789
2685
21
2787
2789
2788
21
2788
810
2416
2788
2339
2788
932
2781
2788
932
2160
2789
3179
1599
2768
1599
2768
2666
1730
1420
2663
2336
2663
1658
1655
1485
2664
2336
1658
1655
1485
2336
1658
1655
1485
2665
2336
1658
1655
1485
2667
2663
163
1102
1330
660
1105
39
660
41
660
766
650
1511
185
3261
186
2207
127
1271
326
126
127
1271
1336
126
1018
2498
3210
2213
227
593
1626
1774
593
1626
593
1774
2661
2662
2661
2662
2035
995
1507
994
992
997
1507
997
1507
997
1507
994
2980
2933
2571
2636
3395
1263
718
846
1331
1563
871
2209
2422
860
374
3433
3359
1483
3433
178
374
2767
3432
374
1394
1393
1395
3359
1483
762
178
3359
1483
178
2346
2653
364
578
2346
578
2163
3350
2714
3055
1559
2028
2163
3350
2714
3055
1559
2164
288
3349
2346
893
2344
3364
513
896
1288
1284
311
2096
2985
940
894
706
947
2705
3244
223
1218
3249
1659
1999
3250
233
1073
2050
368
817
2050
368
816
896
3110
67
1373
3106
67
233
940
67
2500
651
678
609
928
929
955
949
951
937
958
950
938
953
954
957
2096
940
2705
3244
223
226
1555
213
210
212
2333
211
1554
2330
2934
1551
1553
1552
2331
3192
3191
3022
2193
3207
1158
941
2291
1773
944
3217
3219
3222
3221
3218
3220
515
2778
887
1763
948
515
1763
1919
948
515
1763
948
2774
648
969
2500
2774
648
976
2500
2774
648
971
2500
2774
648
973
2500
2774
648
975
1391
2162
1392
3150
1154
979
452
639
986
3044
639
3395
986
1418
991
995
803
931
2182
854
967
965
854
967
966
985
2421
646
1582
1355
2125
1355
1583
2125
1760
253
2421
1655
2430
2421
2430
2545
2113
146
1083
63
1028
3346
3287
2339
3346
3173
3419
1031
2346
2824
57
2339
2892
3150
1896
1441
3190
1441
3190
1658
1655
2430
143
1602
3199
1942
1039
1603
2419
2420
1576
1603
1040
295
2454
239
1305
1307
1306
1308
1416
1573
1408
626
1075
2511
164
1680
1096
451
2440
491
2446
712
1062
3059
1095
287
1060
1059
2434
776
677
267
639
1076
226
1154
1076
2887
2888
2889
2887
2891
2889
2887
2890
2889
2887
2888
2891
2887
2888
2890
1433
2359
979
2887
2095
2423
1665
15
2728
2423
2368
86
2777
324
2423
86
87
2423
86
2435
87
2423
2728
3300
2421
3083
3103
663
7
3341
1418
991
1415
1661
1660
2234
38
566
810
2923
2715
3181
2716
2717
2233
1006
350
349
1298
2148
723
2309
2311
2307
1139
2449
987
1416
2449
1417
2449
1105
1101
1120
1106
1101
1120
1107
1101
1120
1101
1120
1108
1109
1101
1120
1114
1105
1101
1114
1106
1101
1107
1114
1101
1114
1101
1108
1109
1114
1101
1105
1101
1115
1106
1101
1115
1107
1101
1115
1101
1115
1108
1109
1101
1115
2050
3265
675
2251
1116
1105
1101
1116
1106
1101
1107
1116
1101
1116
1101
1108
1109
1116
1101
1105
1101
1117
1106
1101
1117
1655
280
2337
2921
2224
2160
2917
2224
2160
2918
2224
2160
2919
2224
2160
2920
2224
2160
1314
1311
1312
1310
1312
1310
1311
1312
3105
3104
2194
2963
3243
3246
3248
2100
2134
2135
1537
2473
1215
1107
1101
1117
1101
1117
1108
1109
1101
1117
2001
3377
2814
327
3357
2814
327
185
3261
2481
2814
327
184
3357
1118
1105
1101
1118
1106
1101
1118
1107
1101
1118
1101
1108
1109
1118
1101
1105
1101
1119
1106
1101
1119
1107
1101
1119
1101
1108
1119
1109
1101
1119
1110
1105
1101
1110
1106
1101
1107
1110
1101
1110
1101
1108
1109
1110
1101
1111
1105
1101
1111
1106
1101
1107
1111
1101
1111
1101
1108
1109
1111
1101
1105
1101
1106
1101
1112
1107
1101
1112
1101
1108
1112
1109
1101
1112
1105
1101
1113
1106
1101
1113
1107
1101
1113
1101
1108
1113
1109
1101
1113
1105
1104
1120
2052
165
2363
2052
165
2870
737
736
225
3335
2868
3335
1921
3335
1921
2541
3335
3257
2360
3257
2361
2229
1333
2222
1333
2222
2221
1333
2222
2229
2221
3063
1333
2222
2501
2064
2221
2222
2759
9
2760
9
2421
1135
1290
1150
1149
1150
1149
1290
1149
1290
1150
3091
1290
1150
1149
2334
1154
1155
2335
1155
744
2334
1154
1155
375
380
320
567
375
380
320
380
573
567
380
320
567
3343
375
380
320
946
3301
705
2707
2702
2700
2702
2896
2683
2700
2702
2700
2326
2676
2701
1106
1104
1120
1107
1104
1120
1104
1120
1108
1109
1104
1120
1114
1106
1104
1107
1114
1104
1114
1104
1108
1109
1114
1104
1105
1104
1115
1106
1104
1115
1107
1104
1115
1104
1115
1108
1109
1104
1115
3192
3191
773
3192
773
226
3192
1154
1116
1105
1104
1116
1106
1104
1107
1116
1104
1116
1104
1108
1109
1116
1104
1105
1104
1117
1106
1104
1117
1107
1104
1117
1104
1117
1108
1109
1104
1117
1118
1105
1104
1118
1106
1104
1118
1107
1104
1118
1104
1108
1109
1118
1104
1105
1104
1119
1106
1104
1119
1107
1104
1119
1104
1108
1119
1109
1104
1119
3141
1693
383
390
1063
1064
1110
1105
1104
1110
1106
1104
1107
1110
1104
1678
1679
1669
1670
538
542
2642
3122
539
541
545
540
543
1110
1104
1108
1109
1110
1104
1111
1105
1104
1668
1670
3090
3093
3086
1111
1106
1104
1107
1111
1104
1111
1104
1108
1109
1111
1104
1105
1104
1112
1106
1104
1112
1107
1104
1112
1104
1108
1112
1109
1104
1112
1105
1104
1113
1106
1104
1113
1107
1104
1113
1104
1108
1113
1109
1104
1113
538
542
2642
544
3122
539
541
545
540
538
542
2642
3122
539
541
546
540
543
538
542
2642
544
3122
539
541
546
540
3390
3389
2340
771
3413
2707
1867
1869
1447
1868
2083
1203
3359
1436
1689
2183
1447
1437
1438
887
1763
1763
948
1203
3071
1872
486
3225
2483
1207
731
726
1905
731
729
781
765
723
218
517
507
1137
507
1138
2834
3216
2552
2875
224
1277
2461
88
2
2894
2449
899
1693
1694
899
1745
2307
1328
298
1445
1364
1444
1695
1445
1364
1444
1695
310
1446
1364
1695
1428
1446
1364
1429
1695
2
3061
2313
1203
3427
3071
1187
1188
5
4
192
133
1466
1755
3189
2856
2048
63
727
733
2082
1441
192
133
1466
1216
1755
3189
1285
533
1217
156
2041
156
529
156
1227
156
866
257
519
598
599
268
2442
815
984
3372
905
2360
1282
2218
1154
1222
3390
3389
2743
1671
2340
2030
2410
2488
772
1401
1225
2926
1591
1603
2694
79
1603
2695
79
1603
2696
79
819
822
820
821
819
822
818
820
821
1434
3019
886
3381
2547
827
2518
2423
2368
86
15
2777
324
2778
2423
2370
86
87
2338
2117
2118
803
1226
2974
931
2182
27
761
800
801
1343
1344
156
529
615
899
639
902
901
903
901
2005
2931
2931
2508
699
639
1213
981
525
1861
525
1228
1443
422
1228
2500
2869
1228
2653
864
1230
2521
2447
3293
2438
1742
3416
1255
3417
1255
3418
1255
638
770
2020
2057
723
3152
2523
723
1888
3411
2495
884
1066
2123
1580
2083
1203
179
1349
1732
3171
1042
2776
1986
1941
3062
3056
136
2209
2769
930
930
2770
1448
1450
1449
1451
1483
3359
1483
178
2500
650
1486
650
1474
650
1477
147
2346
18
2800
2801
2805
2181
2804
2809
2806
300
2800
2801
2974
300
2347
2806
3364
300
2974
931
300
2346
2800
2801
2181
2809
300
2110
2502
1484
2086
2024
1487
3102
1038
2225
1488
2412
1258
1489
2413
2176
1231
3251
329
2083
1231
3251
329
2124
772
2929
2124
772
2654
1242
3376
458
1235
457
1238
459
2916
463
1243
461
469
465
1234
2644
460
2964
1454
1453
1455
1419
467
470
468
463
461
465
462
466
460
464
1574
30
2218
2896
3106
3026
1208
63
131
3136
3050
162
142
861
2346
344
457
1238
1243
1084
2421
1916
2955
479
1123
1244
3302
3141
3200
3282
3200
3201
3282
475
2306
2302
2306
2546
1399
2097
2435
1496
180
1244
3302
1492
3180
1278
3180
1278
1012
1020
1497
1910
1442
1498
2448
797
1498
2448
2424
1266
2442
2139
1267
919
927
920
925
924
722
926
1772
922
923
921
918
2338
2116
1267
2118
1509
1267
1600
2526
1093
1094
1049
1047
1048
94
97
92
95
630
1739
2326
2231
780
2746
2871
1529
1208
1937
1233
1938
3138
3139
152
138
137
2216
1191
1190
1192
1191
1208
771
2003
812
2290
1249
409
1658
1655
1456
1460
1459
1456
1506
1351
1350
1506
1350
2683
2897
2115
2683
2897
2500
650
1518
650
1519
1373
2683
1373
2115
2145
650
1511
2161
2500
650
1520
1512
2500
650
1513
2500
650
1514
650
1515
130
3302
650
1517
870
639
1000
1567
409
1601
2083
1527
3282
3440
1530
3441
1940
3442
2876
1528
1748
2883
1534
2818
2819
1603
725
1536
2833
274
275
289
291
292
290
1540
2720
1659
1663
1544
3143
2098
3144
2500
2324
649
1544
3038
3039
2098
3344
774
719
1643
1389
2430
1642
2421
1575
2648
1131
1372
2116
3342
1931
2447
3342
1931
2107
1556
2660
1576
2647
2539
393
1222
446
1557
2983
2963
2762
3443
1562
130
2364
130
2365
3308
3038
3039
118
130
1443
2758
2757
2756
1633
130
1700
1645
1922
1650
1723
1703
1713
1722
899
385
445
864
1710
1697
1933
1700
1698
1709
1706
1701
1712
1705
1723
1703
1713
1722
385
445
864
1710
1697
1933
900
1700
1698
1709
1706
1701
1712
1705
385
445
1700
1701
385
445
1700
385
445
1701
899
1028
1029
130
130
1028
130
1030
1644
59
2219
1657
1649
